52173
51167
200130
16276
24940
52048
196689
701
49981
12876
680
60781
55053
8972
58277
6730
14061
202018
202109
36352
3254
35916
25198
394362
1653
8437
25291
20766
8473
2119
39288
393406
8334
61317
16652
174
5577
8100
14536
29518
3242
31103
3280
51852
198093
1101
18450
47748
49367
196645
201229
47381
32097
39389
62000
3215
20473
44066
12400
23028
3265
35366
3223
20773
42730
29066
1680
15600
12350
200651
8551
13030
7489
4589
3927
50360
16245
12714
197019
40676
24961
2107
6724
5408
50613
203049
24971
60118
30836
63949
812
22612
197540
58073
43289
203380
54290
6718
50673
50618
31400
28753
35425
30900
12508
197988
14613
51815
34702
8246
1426
8708
6315
10996
200615
41011
49349
6908
52201
12414
16086
48347
196682
199847
47066
394738
6830
49565
39857
3
29695
12871
203685
8560
63473
197226
203953
8839
197922
39309
3352
24800
29278
57043
18451
3301
61053
1103
25459
196653
9167
47570
20013
6849
47447
50297
39651
12093
197216
42610
46652
42541
224
49335
9009
63157
48666
15003
3842
43260
1102
29073
29182
13213
1759
8228
47383
51731
48039
34168
6939
8331
15626
59682
5483
54540
43350
56322
209
34989
28715
201848
2116
15516
51395
16234
201630
8075
1136
11831
31863
34240
395089
12161
35592
12322
37560
57860
62638
15435
2607
201094
49877
61272
41665
39392
53667
56934
3356
111
32780
2108
24806
13768
18779
199129
197706
57944
49544
42331
57858
8881
50979
6871
8371
44133
42655
46562
6775
51765
3320
30633
12389
60602
2603
34533
51290
8997
30693
13193
49964
62567
35662
58302
197328
16125
8280
200019
46844
30736
11051
5578
197726
2152
10242
49453
8283
59741
41281
44716
2828
1273
202194
200052
32329
9
5410
14907
200519
43847
35017
196750
3292
2516
8220
49855
2856
60567
12824
199103
32
25596
58305
50266
24872
43557
50989
5650
8767
57172
47277
197422
15557
48823
8402
43326
201773
34274
20150
4224
12597
198889
26496
7979
26827
32244
29670
30083
35094
15154
201011
198371
57537
29405
855
34549
12844
33885
42708
15527
8926
20742
11403
31133
33387
31034
8422
201401
48635
1853
197595
20860
8201
1257
197301
6453
31333
32277
34971
19969
6921
39324
44901
3790
47610
12874
44709
10929
11426
12271
9008
55
9070
19255
48031
199968
50837
393398
14244
9143
35598
57169
14
200185
39608
29169
15497
29691
45045
20454
31424
16591
59702
12552
14987
5539
73
41508
56478
14618
32160
6461
12586
48642
42682
58269
50113
34300
21409
39351
6364
24904
41108
20857
42695
53850
38935
54858
34171
200709
43948
14754
198414
41164
31435
61400
17055
5078
60011
31019
34779
32338
3257
25454
48900
49770
31342
43513
21040
9044
47583
43588
12768
8218
59729
49025
56813
50304
36077
41653
19237
8251
44581
39909
39301
31200
15756
198156
44634
22772
22989
6128
200462
30176
36850
39798
22773
20001
7922
43586
1835
15426
198651
41733
41661
39572
25189
56433
13301
35041
14361
43711
20485
32748
59895
47172
823
36375
64484
48707
12611
