47395   
8228    
17054   
20676   
57611   
200000  
22561   
8764    
46844   
25700   
35699   
43478   
10996   
202759  
51838   
6640    
31012   
29252   
20773   
5410    
28855   
42237   
36352   
50384   
19108   
56300   
3790    
11260   
28715   
198093  
30822   
7018    
50113   
49505   
24940   
7385    
47850   
10620   
16125   
57155   
4802    
37153   
31655   
201229  
57188   
3737    
25515   
50297   
28708   
202018  
29420   
64475   
63962   
12824   
46925   
24851   
50542   
61138   
5432    
13285   
2510    
6871    
27925   
39651   
61400   
12871   
48693   
20375   
6327    
20845   
57423   
7552    
50613   
4766    
17098   
40475   
250     
33028   
16202   
47949   
21250   
15600   
49608   
198717  
22653   
53667   
12605   
45146   
6503    
5009    
8708    
15943   
34549   
28812   
33920   
60117   
26827   
35017   
38987   
197726  
3242    
3301    
4181    
15782   
35328   
49981   
59444   
28271   
1257    
3216    
3262    
2518    
6079    
53292   
34533   
52022   
786     
30689   
6876    
58010   
45815   
59895   
8437    
52173   
14051   
12494   
5760    
39309   
196653  
13692   
29182   
24872   
59702   
16904   
27176   
1267    
55470   
9310    
132779  
29518   
26548   
59253   
39288   
39375   
47381   
13768   
34300   
47987   
54934   
58269   
14987   
43847   
4713    
12390   
760     
62370   
14613   
8283    
27364   
31400   
196689  
62282   
55933   
55803   
20807   
61157   
198156  
92      
32613   
553     
6772    
15557   
33387   
43765   
8758    
43711   
23136   
30900   
35141   
37684   
9370    
64474   
29119   
34139   
8462    
47069   
17139   
5713    
44901   
7203    
9143    
61102   
60140   
54489   
41549   
23005   
41164   
204092  
38478   
51035   
264381  
197922  
15545   
8047    
23028   
30083   
25577   
12552   
132405  
50837   
56630   
13703   
7765    
21213   
5645    
200039  
20836   
14828   
38197   
3226    
50261   
23930   
133124  
46375   
15683   
3303    
25394   
59610   
15962   
17676   
2611    
51731   
35549   
30176   
31510   
31333   
51219   
12508   
6663    
9471    
32      
43326   
57041   
47610   
8402    
47277   
33182   
34702   
8551    
29562   
199118  
202194  
8972    
13354   
209     
1759    
47541   
286     
36077   
31      
43451   
2840    
57043   
1239    
12872   
44925   
201848  
47583   
33083   
24806   
8997    
29713   
203523  
41046   
42707   
16030   
2852    
61440   
44220   
51191   
18812   
12897   
53755   
50212   
10010   
1653    
52048   
133229  
49100   
12715   
62454   
25486   
12389   
13127   
37589   
31027   
6730    
7506    
29314   
3254    
15003   
3243    
200651  
49335   
58305   
30633   
34274   
8473    
20712   
10000   
19318   
30860   
6407    
20013   
12741   
44066   
42632   
5607    
3223    
41998   
21100   
32338   
39598   
12334   
32867   
21032   
4771    
29580   
15659   
6849    
197443  
48287   
6661    
39020   
8218    
32329   
41843   
37560   
9269    
20766   
1739    
10796   
20454   
58302   
394738  
38895   
4694    
15685   
18451   
54858   
6830    
396507  
4385    
13272   
790     
50577   
24641   
21409   
60781   
8560    
26615   
559     
8447    
6389    
36850   
198203  
17506   
23243   
9136    
34168   
43442   
38935   
43588   
63916   
49367   
41272   
20738   
11492   
62240   
8881    
30823   
64484   
199320  
50360   
48716   
15987   
35158   
198889  
9443    
2497    
197595  
39326   
13194   
200019  
29073   
49349   
2860    
41585   
8943    
5483    
13618   
4224    
61030   
199653  
3265    
15704   
201401  
197226  
197328  
29278   
197216  
8416    
701     
51395   
43317   
803     
43350   
3842    
31214   
52284   
8905    
6461    
5056    
6805    
51290   
9066    
28099   
199417  
16302   
22709   
43274   
29413   
6659    
16086   
198414  
59729   
31103   
41676   
15497   
30764   
62744   
32780   
63734   
40244   
22689   
56934   
20853   
12611   
9009    
12436   
5539    
197301  
15435   
35761   
59939   
51167   
46652   
200064  
33885   
201011  
8369    
39389   
9167    
34087   
53850   
58329   
8426    
7489    
41108   
49352   
12322   
39819   
51032   
20021   
50821   
1835    
20880   
50989   
156     
61272   
56324   
48900   
3786    
199103  
6315    
8866    
60602   
12066   
3292    
1403    
200858  
20860   
15594   
39959   
17055   
22773   
28753   
7545    
29141   
42541   
29624   
5769    
8220    
203953  
4150    
18978   
54373   
3269    
15516   
47748   
3       
197648  
35540   
12400   
48635   
31246   
19165   
31036   
1221    
13030   
56322   
197706  
35470   
54154   
5650    
201536  
12578   
48496   
3308    
51852   
201773  
12880   
48666   
47066   
45839   
199883  
58477   
7922    
40029   
19255   
6855    
42610   
35411   
39669   
11588   
44812   
42695   
719     
35244   
35041   
11351   
35352   
39249   
8342    
394256  
855     
47764   
199673  
197288  
45671   
19016   
206898  
49120   
46841   
8371    
16281   
39135   
1741    
22047   
202109  
198171  
36925   
51177   
34700   
50673   
48654   
197695  
4739    
51765   
12620   
60729   
802     
18390   
34065   
29208   
1299    
15682   
42331   
2514    
57858   
31200   
852     
35205   
136258  
41635   
51659   
395374  
44716   
27357   
41661   
13122   
201702  
42145   
39194   
13041   
8280    
36436   
8331    
9158    
49877   
9050    
62752   
14061   
8887    
200615  
199748  
196645  
48642   
60404   
15640   
7477    
39608   
50392   
41733   
41710   
200462  
1101    
48347   
34315   
30036   
49964   
41653   
11051   
12695   
54225   
41715   
48133   
15728   
6677    
8075    
16075   
39857   
201227  
8422    
31460   
22989   
5089    
198766  
35807   
12312   
29632   
199847  
41560   
679     
20473   
42038   
15527   
27866   
4721    
13037   
31863   
59346   
35432   
15154   
25513   
5391    
3188    
21040   
31334   
28769   
23089   
31148   
25478   
9145    
46176   
35598   
3352    
57963   
10929   
39102   
8395    
2516    
48031   
202618  
20857   
38680   
6718    
53187   
63473   
6428    
35916   
26658   
46690   
32354   
34171   
7684    
29870   
30740   
50911   
31034   
48514   
3215    
395089  
59675   
6057    
6471    
8559    
62000   
10594   
6724    
29456   
43561   
51873   
25853   
45731   
56067   
11138   
25229   
31424   
9       
15657   
6128    
21211   
15626   
55053   
49502   
199129  
50543   
13046   
9105    
30722   
39869   
17705   
12662   
197155  
62904   
50979   
12586   
42831   
39554   
12271   
44923   
32244   
2119    
44194   
11114   
45045   
24800   
6799    
9304    
57860   
49544   
28908   
1161    
21949   
12479   
20340   
174     
51059   
18101   
199267  
41665   
10013   
20001   
29485   
39909   
40788   
56510   
59491   
6453    
1102    
9381    
34971   
111     
28707   
64427   
13101   
61053   
21232   
33588   
16333   
48823   
13525   
49855   
16814   
58243   
46606   
4780    
43939   
42708   
43289   
34781   
12843   
44684   
41668   
12722   
50716   
8351    
44869   
35206   
35425   
8749    
32400   
43148   
46816   
51124   
58551   
16591   
198930  
198031  
3462    
47172   
40676   
51604   
3209    
51083   
12876   
50266   
6702    
204136  
24904   
3212    
42187   
2527    
3356    
34456   
60876   
577     
5378    
9916    
62567   
36351   
34145   
12946   
18403   
43260   
29405   
44050   
200052  
15895   
60118   
23033   
8359    
56610   
2108    
54540   
200429  
60257   
8916    
16509   
12993   
7303    
198185  
6856    
17819   
9371    
60144   
34240   
6939    
39798   
38790   
30836   
54290   
30693   
8648    
5578    
8767    
18116   
224     
200753  
33363   
11831   
14361   
51815   
6735    
8612    
34779   
680     
52423   
22847   
34878   
2856    
7029    
25560   
12576   
42730   
39741   
2607    
25653   
4788    
395978  
25820   
34764   
198385  
29802   
1136    
197071  
8400    
10143   
1853    
19969   
1426    
3320    
42682   
4685    
60011   
22652   
37611   
136052  
64439   
41508   
9930    
47692   
394102  
13649   
203453  
25091   
8468    
41011   
19994   
30600   
12353   
31078   
45102   
203380  
29422   
6828    
44133   
23387   
14259   
34989   
49342   
823     
11796   
29066   
197422  
50840   
45031   
88      
1955    
14536   
201094  
201630  
31261   
8412    
49453   
50472   
8920    
34383   
57370   
812     
59505   
1103    
24961   
197019  
34610   
45413   
15169   
50115   
25596   
25198   
133579  
206440  
43858   
196924  
31736   
29169   
31877   
21479   
46475   
57944   
41425   
62099   
28573   
55045   
196866  
57169   
29691   
46562   
11427   
47447   
13213   
26496   
51819   
8553    
29588   
16242   
5408    
42655   
61189   
15108   
12083   
29670   
63949   
31133   
9008    
21021   
5588    
41075   
28309   
2116    
136557  
16160   
29695   
8100    
56478   
49218   
199524  
206776  
61493   
28220   
37515   
45144   
20115   
12714   
62088   
15925   
11232   
1659    
204274  
59682   
262603  
11426   
15425   
35366   
18501   
50618   
1901    
34224   
43586   
13188   
202905  
39473   
29471   
53111   
26347   
201270  
8820    
36903   
12414   
12337   
29321   
13124   
10242   
59741   
3663    
60533   
9790    
53264   
12659   
49770   
8334    
2603    
204196  
33991   
132335  
33901   
45903   
393552  
30736   
12874   
43234   
30968   
5563    
36493   
133752  
14618   
48438   
39324   
46015   
42431   
20278   
55536   
15774   
11404   
36874   
10318   
18881   
58073   
12395   
12925   
33824   
29550   
16276   
16097   
200709  
55286   
15582   
49025   
14907   
57191   
43557   
12093   
9318    
44581   
197988  
196750  
36024   
11403   
3253    
29076   
32097   
38731   
200185  
9198    
25092   
24560   
52201   
29124   
35592   
197540  
73      
24971   
16652   
3549    
15318   
21502   
25764   
12849   
137     
6848    
5390    
