8764    
25700   
10996   
52022   
8881    
5410    
42237   
36352   
204136  
3790    
28715   
7018    
50113   
24940   
30176   
201229  
3737    
202018  
12824   
49502   
39608   
39651   
12871   
48693   
20845   
50613   
198717  
22653   
197648  
5009    
8708    
34549   
33920   
60117   
51659   
35017   
61400   
3301    
1257    
1102    
6079    
64474   
34878   
52173   
111     
23028   
92      
29182   
24872   
59702   
16904   
27176   
29518   
39288   
49981   
50297   
13768   
58269   
43847   
25198   
62370   
8283    
31400   
196689  
62282   
61157   
198156  
42632   
197922  
33387   
8758    
197422  
28855   
47069   
30836   
9143    
34456   
15545   
29066   
30083   
12552   
56630   
43711   
49964   
41665   
3303    
25394   
31333   
8473    
32      
43326   
47277   
34702   
8551    
8972    
209     
1759    
47541   
286     
36077   
57043   
44925   
133752  
24806   
8997    
29713   
58305   
44220   
1653    
133229  
12715   
62454   
54225   
6730    
31334   
3254    
15003   
49335   
34274   
12508   
20860   
199129  
19318   
30860   
43317   
6453    
3223    
21100   
41668   
39598   
39020   
32329   
37560   
20766   
1739    
58302   
394738  
15685   
18451   
54858   
6830    
5588    
42331   
21409   
8560    
39249   
12414   
36850   
12876   
43442   
38935   
49367   
6871    
20773   
64484   
50360   
15987   
2497    
197595  
200019  
29073   
49349   
5483    
1103    
4224    
3265    
197226  
197328  
197216  
701     
51395   
45045   
6461    
8402    
33182   
199417  
16302   
200651  
51124   
16086   
59729   
15497   
31103   
12611   
9009    
5539    
202109  
51167   
46652   
33885   
201011  
48031   
39389   
9167    
34087   
53850   
394256  
8426    
41108   
12322   
59505   
1835    
50989   
48900   
60781   
6315    
3292    
59491   
39959   
17055   
28753   
42541   
29624   
8220    
203953  
57860   
18978   
62088   
15516   
3       
12400   
48635   
43561   
13030   
56322   
197706  
54154   
5650    
201536  
201773  
48666   
47066   
206898  
7922    
19255   
42610   
39669   
29420   
63949   
16509   
11351   
35352   
855     
47764   
8371    
52201   
51838   
51177   
50673   
198093  
51765   
31214   
47610   
49453   
15682   
57858   
31200   
44716   
41661   
51731   
8331    
1239    
49877   
62752   
14061   
196645  
48642   
60404   
48287   
41710   
1101    
48347   
41653   
11051   
60602   
22989   
35807   
199847  
54373   
40244   
20473   
201094  
13037   
31863   
15154   
36351   
47748   
23089   
25596   
26827   
57963   
10929   
39102   
8395    
2516    
8334    
63473   
12586   
2603    
35916   
61053   
31034   
48514   
3215    
395089  
62000   
6724    
29456   
203453  
25229   
42655   
31261   
6128    
15626   
9105    
29321   
62904   
50979   
42831   
32244   
2119    
44194   
24800   
49544   
197695  
174     
64475   
39909   
3242    
35141   
8437    
49855   
44901   
43289   
32338   
50716   
31424   
8351    
35425   
29278   
46816   
16591   
198930  
39324   
34168   
50266   
201401  
48496   
62567   
43260   
44050   
200052  
2108    
54540   
41075   
8280    
60144   
6939    
36874   
50392   
54290   
47447   
5578    
8767    
224     
11831   
51815   
34779   
680     
55053   
2856    
42730   
2607    
395978  
29802   
1136    
1853    
19969   
3320    
16276   
60011   
41508   
47381   
41011   
31078   
14907   
34989   
49342   
14536   
201630  
9       
57370   
812     
3352    
16125   
24961   
197019  
15169   
53667   
43858   
41425   
196866  
57169   
29691   
46562   
13213   
26496   
51852   
5408    
52048   
29695   
8100    
56478   
43350   
12714   
59682   
35366   
50618   
43586   
13188   
26347   
41635   
30693   
10242   
59741   
53264   
6718    
553     
204196  
30736   
12874   
64427   
199103  
14618   
40676   
55536   
39798   
58073   
12395   
12925   
42682   
30600   
203380  
44133   
43557   
12093   
44581   
197988  
196750  
11403   
32097   
25092   
35592   
197540  
73      
201848  
16652   
200185  
24971   