57611   
8764    
29321   
25700   
10996   
52022   
8881    
5410    
42237   
36352   
3790    
28715   
47069   
50113   
24940   
30176   
20552   
201229  
3737    
202018  
20766   
49502   
6871    
39651   
12871   
48693   
197922  
20845   
12161   
50613   
198717  
22653   
197648  
5577    
5009    
8708    
9070    
34549   
33920   
60117   
44381   
35017   
3301    
1257    
1102    
59895   
34878   
52173   
111     
23028   
92      
29182   
24872   
59702   
16904   
27176   
29518   
39288   
49981   
47381   
13768   
58269   
43847   
25198   
57944   
62370   
8283    
31400   
196689  
62282   
61157   
198156  
42632   
15557   
33387   
8758    
30900   
197422  
5615    
28855   
7018    
30836   
9143    
41164   
15545   
29066   
30083   
201094  
12552   
43711   
49964   
41665   
50261   
3303    
25394   
2611    
31333   
8473    
32      
47277   
34702   
8551    
41733        
14745   
1759    
47541   
286     
36077   
57043   
44925   
39392   
133752  
24806   
8997    
29713   
2852    
44220   
60118   
1653    
133229  
12715   
196645  
12389   
54225   
6730    
3254    
15003   
49335   
34274   
12508   
20860   
199129  
19318   
30860   
43317   
6453    
3223    
21100   
32338   
49588   
39020   
8218    
32329   
37560   
1739    
58302   
394738  
15685   
18451   
54858   
6830    
5588    
42331   
21409   
8560    
39249   
12414   
36850   
12876   
38935   
49367   
43326   
20773   
50360   
197595  
200019  
29073   
49349   
5483    
1103    
4224    
3265    
15704   
197226  
197328  
197216  
701     
51395   
45045   
803     
6461    
8402    
33182   
199417  
16302   
8972    
200651  
64474   
46844   
16086   
59729   
209     
15497   
31103   
12611   
9009    
5539    
202109  
51167   
46652   
33885   
201011  
48031   
39389   
9167    
34087   
53850   
394256  
8426    
7489    
41108   
12322   
59505   
50821   
1835    
60567   
48900   
60781   
6315    
33604   
3292    
59491   
39959   
17055   
28753   
42541   
29624   
8220    
57860   
18978   
62088   
15516   
3       
12400   
48635   
43561   
13030   
56322   
197706  
54154   
5650    
201536  
12578   
201773  
48666   
47066   
7922    
19255   
42610   
39669   
29420   
63949   
16509   
199524  
11351   
35352   
47764   
52201   
51177   
26347   
50673   
198093  
51765   
31214   
47610   
49453   
15682   
57858   
31200   
44716   
51731   
1239    
49877   
62752   
14061   
48642   
60404   
48287   
41710   
1101    
48347   
41653   
11051   
60602   
8075    
8422    
22989   
35807   
199847  
54373   
40244   
20473   
47447   
31863   
15154   
196866  
47748   
23089   
25596   
35598   
3352    
57963   
10929   
39102   
8395    
41676   
20857   
8334    
63473   
12586   
35916   
61053   
31034   
48514   
3215    
395089  
63242   
62000   
6724    
29456   
203453  
25229   
42655   
9       
6128    
21211   
15626   
9105    
39869   
30693   
62904   
50979   
42831   
44923   
32244   
2119    
44194   
24800   
49544   
197695  
20013   
174     
39909   
3242    
35141   
34971   
8437    
39309   
199968  
49855   
44901   
43289   
50716   
31424   
8351    
35206   
35425   
29278   
46816   
16591   
198930  
39324   
396507  
198651  
34168   
50266   
201401  
48496   
62567   
43260   
44050   
200052  
2108    
54540   
41075   
8280    
60144   
60729   
6939    
50392   
18450   
49409   
54290   
8648    
5578    
8767    
224     
14361   
51815   
12395   
55053   
2856    
42730   
2607    
58305   
395978  
29802   
1136    
1853    
19969   
3320    
197988  
60011   
41508   
50297   
41011   
15582   
31078   
14907   
34989   
823     
45031   
7979    
14536   
201630  
57370   
812     
16125   
24961   
197019  
15169   
53667   
43858   
29169   
57169   
29691   
46562   
13213   
26496   
29588   
51852   
5408    
29670   
52048   
9008    
2116    
13272   
29695   
8100    
56478   
43350   
12714   
35366   
50618   
43586   
13188   
42695   
34700   
41635   
12662   
10242   
59741   
53264   
6718    
2603    
204196  
33991   
30736   
11878   
64427   
199103  
14618   
40676   
11404   
58073   
680     
12925   
16276   
30600   
203380  
44133   
57191   
43557   
12093   
44581   
196750  
11403   
32097   
25092   
35592   
197540  
73      
16652   
200185  
24971   
