6128
25019
8972
6893
15467
32613
174
47069
26347
12880
5384
4766
558
20773
2497
34400
7992
41495
23393
44244
13768
5607
33668
2518
3356
29873
12015
10929
3595
8447
2840
26827
8001
14112
17090
40015
852
22773
31103
10010
30158
33604
39308
3786
33651
15290
9605
22822
33788
12406
30962
12552
9316
33657
46816
33491
18042
11427
29933
36998
32748
3
18779
12635
36352
24961
10316
4670
11051
33070
26914
9318
47530
6389
12400
12200
197019
31549
7725
21127
11426
1221
21502
21769
209
30517
14613
19875
20375
10838
20001
47447
7015
3302
20115
19916
16626
21479
7132
32181
6364
36947
33139
9924
45904
16086
6830
13285
8047
29854
14744
18403
32448
12486
16117
33490
10796
7065
11722
18494
25106
9524
34300
577
12597
5650
19969
701
46475
48185
11492
33650
36923
4134
1785
23504
8881
20473
31343
19318
5577
16265
6517
6877
29761
19662
18566
29562
6327
35244
6713
15083
7018
24863
46841
3292
12638
8402
11351
12260
33785
8717
33287
11320
12035
29182
12768
15589
8560
7029
31969
12271
32107
11403
51737
6939
22653
46375
30722
15149
16232
32331
19366
8452
14905
26689
36884
27229
8767
22781
12322
12530
4837
10396
4788
6079
34011
33363
5645
14618
39603
33652
13127
4812
45609
4755
55441
36351
12282
15623
13213
4323
42708
23184
26068
39927
43782
8371
29091
25513
37127
24931
44889
4782
8346
27202
6821
10674
30083
14638
22584
51375
21508
7016
33489
3216
36935
3215
29975
8437
3243
3462
10507
4739
7545
26546
4847
3352
12297
8473
5769
5713
37018
37004
3209
4765
36911
28885
15897
3269
43205
37069
15377
16586
30783
36223
16284
38661
33661
17746
25472
9198
1680
37076
4713
13490
1547
49218
44087
719
4804
34533
5578
4802
37090
24608
36992
37136
36925
14910
2510
29049
44600
5618
197350
17813
9829
19397
7011
3308
10143
6453
28683
5410
21581
14654
44957
9595
1267
21497
36666
46887
17799
10474
55740
6866
13284
13280
9155
21686
24466
42610
7106
37034
55353
17853
20214
17816
2516
9394
4808
18612
15964
31034
3737
14155
24139
21804
17622
7782
16949
46491
23650
9308
35177
2828
12578
33132
2379
8075
7657
1299
17552
10036
15480
721
12683
15003
46008
17621
5760
16966
71
17429
714
31399
14828
22561
37140
18245
17785
17633
17623
4538
4813
19605
14291
29859
12491
